0000000010100011
0000000010100000
0000000010011011
0000000010011011
0000000010011101
0000000010101010
0000000010101000
0000000010001000
0000000001011110
0000000001101001
0000000001101011
0000000001101100
0000000001101010
0000000001110101
0000000001111000
0000000001111101
0000000010000010
0000000010000010
0000000010000011
0000000010000011
0000000010000100
0000000010000101
0000000010000110
0000000010000101
0000000010000100
0000000010000110
0000000010000101
0000000010000011
0000000010000101
0000000010000011
0000000010000111
0000000010000011
0000000010000100
0000000010000100
0000000010000011
0000000010000000
0000000010000010
0000000010000000
0000000001111011
0000000001101110
0000000001110110
0000000010010110
0000000010100001
0000000010010110
0000000010011010
0000000010011010
0000000010011001
0000000010011100
0000000010011100
0000000010011101
0000000010101111
0000000011011000
0000000011001000
0000000001100011
0000000001110110
0000000001111011
0000000001111011
0000000001111011
0000000001111101
0000000001111010
0000000001111101
0000000001111101
0000000001110101
0000000010010101
0000000010011101
0000000010011110
0000000010011101
0000000010011000
0000000010100011
0000000010101001
0000000010100110
0000000010000010
0000000001011100
0000000001100100
0000000001101000
0000000001101001
0000000001100111
0000000001110000
0000000001111011
0000000001111111
0000000001111111
0000000010000100
0000000010000010
0000000010000100
0000000010000000
0000000010000100
0000000010000100
0000000010000011
0000000010000101
0000000010000100
0000000010000100
0000000010000001
0000000010000011
0000000010000011
0000000010000100
0000000010000011
0000000010000100
0000000010000001
0000000010000001
0000000010000000
0000000001111100
0000000010000000
0000000001111010
0000000001110000
0000000001101011
0000000010001001
0000000010011101
0000000010011100
0000000010011100
0000000010011111
0000000010011100
0000000010011010
0000000010011001
0000000010011011
0000000010011000
0000000011001110
0000000011011100
0000000010001001
0000000001110001
0000000001110110
0000000001111000
0000000001111000
0000000001111011
0000000001111011
0000000001111101
0000000010000000
0000000001101110
0000000000101101
0000000010011100
0000000010011101
0000000010011101
0000000010011001
0000000010100111
0000000010100101
0000000010100000
0000000010000100
0000000001011101
0000000001100010
0000000001101011
0000000001100111
0000000001100110
0000000001110001
0000000001110111
0000000001111100
0000000010000010
0000000010000011
0000000010000010
0000000010000000
0000000010000011
0000000010000101
0000000010000100
0000000010000011
0000000010000100
0000000010000100
0000000010000100
0000000010000101
0000000010000001
0000000010000000
0000000010000110
0000000010000011
0000000010000011
0000000010000011
0000000001111111
0000000001111111
0000000010000001
0000000001111111
0000000001111100
0000000001111000
0000000001101001
0000000001111011
0000000010011001
0000000010100000
0000000010100000
0000000010100010
0000000010011101
0000000010011100
0000000010011011
0000000010011001
0000000010010111
0000000010100110
0000000011011011
0000000011001110
0000000001101000
0000000001110101
0000000001111001
0000000001111011
0000000001111011
0000000001111111
0000000010000111
0000000001101001
0000000000101100
0000000000110001
0000000010011100
0000000010100000
0000000010011101
0000000010100101
0000000010100110
0000000010011111
0000000010011110
0000000010000101
0000000001010111
0000000001100010
0000000001101011
0000000001100110
0000000001100111
0000000001101111
0000000001111000
0000000001111011
0000000010000000
0000000010000010
0000000010000001
0000000010000010
0000000010000010
0000000010000001
0000000010000010
0000000010000100
0000000010000100
0000000001111111
0000000001111100
0000000001111111
0000000010000000
0000000001111101
0000000010000000
0000000010000011
0000000010000011
0000000010000000
0000000001111111
0000000001111101
0000000001111110
0000000010000001
0000000001111100
0000000001110111
0000000001101100
0000000001111001
0000000010010101
0000000010100001
0000000010100000
0000000010100000
0000000010011110
0000000010011011
0000000010011010
0000000010011001
0000000010010101
0000000010001111
0000000011001001
0000000011011110
0000000010100000
0000000001101101
0000000001111000
0000000001110111
0000000001111010
0000000010000000
0000000001101001
0000000000101111
0000000000101101
0000000000110110
