0000000010011011
0000000010011101
0000000010101000
0000000001011110
0000000001101011
0000000001101010
0000000001111000
0000000010000010
0000000010000011
0000000010000100
0000000010000110
0000000010000100
0000000010000101
0000000010000101
0000000010000111
0000000010000100
0000000010000011
0000000010000010
0000000001111011
0000000001110110
0000000010100001
0000000010011010
0000000010011001
0000000010011100
0000000010101111
0000000011001000
0000000001110110
0000000001111011
0000000001111101
0000000001111101
0000000001110101
0000000010011101
