0000000010100000
0000000010011011
0000000010101010
0000000010001000
0000000001101001
0000000001101100
0000000001110101
0000000001111101
0000000010000010
0000000010000011
0000000010000101
0000000010000101
0000000010000110
0000000010000011
0000000010000011
0000000010000011
0000000010000100
0000000010000000
0000000010000000
0000000001101110
0000000010010110
0000000010010110
0000000010011010
0000000010011100
0000000010011101
0000000011011000
0000000001100011
0000000001111011
0000000001111011
0000000001111010
0000000001111101
0000000010010101
